,Week,Foundation,Framing,CurtainWall,HVAC,FireFighting,Elevator,Electrical,ArchitecturalFinishing,ActualDuration
0,0.00546448087431694,0.20600000000000002,0.0,0.0,0.0,0.0,0.0,0.0,0.0,283
1,0.01092896174863388,0.344,0.0,0.0,0.0,0.0,0.0,0.0,0.0,283
2,0.01639344262295082,0.501,0.0,0.0,0.0,0.0,0.0,0.0,0.0,283
3,0.02185792349726776,0.6509999999999999,0.0,0.0,0.0,0.0,0.0,0.0,0.0,283
4,0.0273224043715847,0.862,0.0,0.0,0.0,0.0,0.0,0.0,0.0,283
5,0.03278688524590164,1.0,0.0,0.0,0.0,0.0,0.0,0.0,0.0,283
6,0.03825136612021858,1.0,0.015,0.0,0.0,0.0,0.0,0.0,0.0,283
7,0.04371584699453552,1.0,0.033,0.0,0.0,0.0,0.0,0.0,0.0,283
8,0.04918032786885246,1.0,0.053,0.0,0.0,0.0,0.0,0.0,0.0,283
9,0.0546448087431694,1.0,0.069,0.0,0.0,0.0,0.0,0.0,0.0,283
10,0.060109289617486336,1.0,0.085,0.0,0.0,0.0,0.0,0.0,0.0,283
11,0.06557377049180328,1.0,0.1,0.0,0.0,0.0,0.0,0.0,0.0,283
12,0.07103825136612021,1.0,0.121,0.0,0.0,0.0,0.0,0.0,0.0,283
13,0.07650273224043716,1.0,0.134,0.0,0.0,0.0,0.0,0.0,0.0,283
14,0.08196721311475409,1.0,0.153,0.0,0.0,0.0,0.0,0.0,0.0,283
15,0.08743169398907104,1.0,0.16899999999999998,0.0,0.0,0.0,0.0,0.0,0.0,283
16,0.09289617486338798,1.0,0.187,0.0,0.0,0.0,0.0,0.0,0.0,283
17,0.09836065573770492,1.0,0.21,0.0,0.0,0.0,0.0,0.0,0.0,283
18,0.10382513661202186,1.0,0.226,0.0,0.0,0.0,0.0,0.0,0.0,283
19,0.1092896174863388,1.0,0.24600000000000002,0.0,0.0,0.0,0.0,0.0,0.0,283
20,0.11475409836065574,1.0,0.266,0.0,0.0,0.0,0.0,0.0,0.0,283
21,0.12021857923497267,1.0,0.284,0.0,0.0,0.0,0.0,0.0,0.0,283
22,0.12568306010928962,1.0,0.308,0.0,0.0,0.0,0.0,0.0,0.0,283
23,0.13114754098360656,1.0,0.32299999999999995,0.0,0.0,0.0,0.0,0.0,0.0,283
24,0.1366120218579235,1.0,0.34,0.0,0.0,0.0,0.0,0.0,0.0,283
25,0.14207650273224043,1.0,0.354,0.0,0.0,0.0,0.0,0.0,0.0,283
26,0.14754098360655737,1.0,0.371,0.0,0.0,0.0,0.0,0.0,0.0,283
27,0.15300546448087432,1.0,0.386,0.0,0.0,0.0,0.0,0.0,0.0,283
28,0.15846994535519127,1.0,0.39899999999999997,0.0,0.0,0.0,0.0,0.0,0.0,283
29,0.16393442622950818,1.0,0.41600000000000004,0.0,0.0,0.0,0.0,0.0,0.0,283
30,0.16939890710382513,1.0,0.43200000000000005,0.0,0.0,0.0,0.0,0.0,0.0,283
31,0.17486338797814208,1.0,0.445,0.0,0.0,0.0,0.0,0.0,0.0,283
32,0.18032786885245902,1.0,0.46399999999999997,0.0,0.0,0.0,0.0,0.0,0.0,283
33,0.18579234972677597,1.0,0.48,0.0,0.0,0.0,0.0,0.0,0.0,283
34,0.1912568306010929,1.0,0.5,0.0,0.0,0.0,0.0,0.0,0.0,283
35,0.19672131147540983,1.0,0.513,0.0,0.0,0.0,0.0,0.0,0.0,283
36,0.20218579234972678,1.0,0.5329999999999999,0.0,0.0,0.0,0.0,0.0,0.0,283
37,0.20765027322404372,1.0,0.5489999999999999,0.0,0.0,0.0,0.0,0.0,0.0,283
38,0.21311475409836064,1.0,0.569,0.0,0.0,0.0,0.0,0.0,0.0,283
39,0.2185792349726776,1.0,0.5820000000000001,0.0,0.0,0.0,0.0,0.0,0.0,283
40,0.22404371584699453,1.0,0.601,0.0,0.0,0.0,0.0,0.0,0.0,283
41,0.22950819672131148,1.0,0.62,0.0,0.0,0.0,0.023,0.0,0.0,283
42,0.23497267759562843,1.0,0.6409999999999999,0.0,0.0,0.0,0.046,0.0,0.0,283
43,0.24043715846994534,1.0,0.659,0.0,0.0,0.0,0.071,0.0,0.0,283
44,0.2459016393442623,1.0,0.679,0.0,0.0,0.0,0.08800000000000001,0.0,0.0,283
45,0.25136612021857924,1.0,0.695,0.0,0.0,0.0,0.113,0.0,0.0,283
46,0.2568306010928962,1.0,0.7120000000000001,0.0,0.0,0.0,0.134,0.0,0.0,283
47,0.26229508196721313,1.0,0.728,0.0,0.0,0.0,0.154,0.0,0.0,283
48,0.2677595628415301,1.0,0.745,0.0,0.0,0.0,0.172,0.0,0.0,283
49,0.273224043715847,1.0,0.759,0.0,0.0,0.0,0.188,0.0,0.0,283
50,0.2786885245901639,1.0,0.7809999999999999,0.0,0.0,0.0,0.214,0.0,0.0,283
51,0.28415300546448086,1.0,0.797,0.0,0.0,0.0,0.23399999999999999,0.0,0.0,283
52,0.2896174863387978,1.0,0.8109999999999999,0.0,0.0,0.0,0.254,0.0,0.0,283
53,0.29508196721311475,1.0,0.826,0.0,0.0,0.0,0.275,0.0,0.0,283
54,0.3005464480874317,1.0,0.847,0.0,0.0,0.0,0.297,0.0,0.0,283
55,0.30601092896174864,1.0,0.862,0.0,0.0,0.0,0.316,0.0,0.0,283
56,0.3114754098360656,1.0,0.88,0.0,0.0,0.0,0.337,0.0,0.0,283
57,0.31693989071038253,1.0,0.894,0.0,0.0,0.0,0.35600000000000004,0.0,0.0,283
58,0.3224043715846995,1.0,0.915,0.0,0.0,0.0,0.37200000000000005,0.0,0.0,283
59,0.32786885245901637,1.0,0.93,0.0,0.0,0.0,0.389,0.0,0.0,283
60,0.3333333333333333,1.0,0.943,0.0,0.0,0.0,0.40700000000000003,0.0,0.0,283
61,0.33879781420765026,1.0,0.9640000000000001,0.0,0.0,0.0,0.435,0.0,0.0,283
62,0.3442622950819672,1.0,0.987,0.0,0.0,0.0,0.461,0.0,0.0,283
63,0.34972677595628415,1.0,1.0,0.0,0.0,0.0,0.489,0.0,0.0,283
64,0.3551912568306011,1.0,1.0,0.0,0.0,0.0,0.507,0.008,0.0,283
65,0.36065573770491804,1.0,1.0,0.0,0.0,0.0,0.526,0.017,0.0,283
66,0.366120218579235,1.0,1.0,0.0,0.0,0.0,0.544,0.031,0.0,283
67,0.37158469945355194,1.0,1.0,0.0,0.0,0.0,0.562,0.04,0.0,283
68,0.3770491803278688,1.0,1.0,0.0,0.0,0.0,0.589,0.051,0.0,283
69,0.3825136612021858,1.0,1.0,0.0,0.0,0.0,0.607,0.06,0.0,283
70,0.3879781420765027,1.0,1.0,0.0,0.0,0.0,0.629,0.075,0.0,283
71,0.39344262295081966,1.0,1.0,0.0,0.0,0.0,0.65,0.084,0.0,283
72,0.3989071038251366,1.0,1.0,0.0,0.0,0.0,0.6709999999999999,0.094,0.0,283
73,0.40437158469945356,1.0,1.0,0.0,0.0,0.0,0.6920000000000001,0.106,0.0,283
74,0.4098360655737705,1.0,1.0,0.0,0.0,0.0,0.713,0.11800000000000001,0.0,283
75,0.41530054644808745,1.0,1.0,0.0,0.0,0.0,0.7340000000000001,0.127,0.0,283
76,0.4207650273224044,1.0,1.0,0.0,0.0,0.0,0.757,0.139,0.0,283
77,0.4262295081967213,1.0,1.0,0.0,0.0,0.0,0.775,0.151,0.0,283
78,0.43169398907103823,1.0,1.0,0.0,0.0,0.0,0.794,0.163,0.0,283
79,0.4371584699453552,1.0,1.0,0.0,0.0,0.0,0.8109999999999999,0.177,0.0,283
80,0.4426229508196721,1.0,1.0,0.0,0.0,0.0,0.84,0.185,0.0,283
81,0.44808743169398907,1.0,1.0,0.0,0.0,0.0,0.858,0.19399999999999998,0.0,283
82,0.453551912568306,1.0,1.0,0.0,0.0,0.0,0.879,0.204,0.0,283
83,0.45901639344262296,1.0,1.0,0.0,0.0,0.0,0.9079999999999999,0.212,0.0,283
84,0.4644808743169399,1.0,1.0,0.0,0.0,0.0,0.9259999999999999,0.223,0.0,283
85,0.46994535519125685,1.0,1.0,0.0,0.0,0.0,0.943,0.233,0.0,283
86,0.47540983606557374,1.0,1.0,0.0,0.0,0.0,0.9590000000000001,0.24100000000000002,0.0,283
87,0.4808743169398907,1.0,1.0,0.0,0.0,0.0,0.978,0.25,0.0,283
88,0.48633879781420764,1.0,1.0,0.0,0.0,0.0,1.0,0.265,0.0,283
89,0.4918032786885246,1.0,1.0,0.0,0.0,0.0,1.0,0.27399999999999997,0.0,283
90,0.4972677595628415,1.0,1.0,0.0,0.0,0.0,1.0,0.28800000000000003,0.0,283
91,0.5027322404371585,1.0,1.0,0.0,0.0,0.0,1.0,0.297,0.0,283
92,0.5081967213114754,1.0,1.0,0.0,0.0,0.0,1.0,0.312,0.0,283
93,0.5136612021857924,1.0,1.0,0.0,0.012,0.0,1.0,0.326,0.0,283
94,0.5191256830601093,1.0,1.0,0.0,0.023,0.0,1.0,0.335,0.0,283
95,0.5245901639344263,1.0,1.0,0.0,0.031,0.0,1.0,0.348,0.0,283
96,0.5300546448087432,1.0,1.0,0.0,0.038,0.0,1.0,0.35700000000000004,0.0,283
97,0.5355191256830601,1.0,1.0,0.0,0.048,0.0,1.0,0.366,0.0,283
98,0.5409836065573771,1.0,1.0,0.0,0.055,0.0,1.0,0.37799999999999995,0.0,283
99,0.546448087431694,1.0,1.0,0.0,0.064,0.0,1.0,0.386,0.0,283
100,0.5519125683060109,1.0,1.0,0.0,0.076,0.0,1.0,0.39899999999999997,0.0,283
101,0.5573770491803278,1.0,1.0,0.0,0.08800000000000001,0.0,1.0,0.409,0.0,283
102,0.5628415300546448,1.0,1.0,0.0,0.10099999999999999,0.0,1.0,0.419,0.0,283
103,0.5683060109289617,1.0,1.0,0.0,0.111,0.0,1.0,0.431,0.0,283
104,0.5737704918032787,1.0,1.0,0.0,0.12300000000000001,0.0,1.0,0.441,0.0,283
105,0.5792349726775956,1.0,1.0,0.0,0.134,0.0,1.0,0.452,0.0,283
106,0.5846994535519126,1.0,1.0,0.0,0.147,0.0,1.0,0.46299999999999997,0.0,283
107,0.5901639344262295,1.0,1.0,0.0,0.157,0.0,1.0,0.475,0.0,283
108,0.5956284153005464,1.0,1.0,0.0,0.166,0.0,1.0,0.48700000000000004,0.0,283
109,0.6010928961748634,1.0,1.0,0.0,0.17600000000000002,0.0,1.0,0.498,0.0,283
110,0.6065573770491803,1.0,1.0,0.0,0.184,0.0,1.0,0.507,0.0,283
111,0.6120218579234973,1.0,1.0,0.0,0.193,0.0,1.0,0.517,0.0,283
112,0.6174863387978142,1.0,1.0,0.0,0.2,0.0,1.0,0.529,0.0,283
113,0.6229508196721312,1.0,1.0,0.0,0.212,0.018000000000000002,1.0,0.539,0.0,283
114,0.6284153005464481,1.0,1.0,0.0,0.222,0.04,1.0,0.55,0.0,283
115,0.6338797814207651,1.0,1.0,0.0,0.23199999999999998,0.061,1.0,0.56,0.0,283
116,0.639344262295082,1.0,1.0,0.0,0.24,0.08,1.0,0.574,0.0,283
117,0.644808743169399,1.0,1.0,0.0,0.247,0.10099999999999999,1.0,0.583,0.0,283
118,0.6502732240437158,1.0,1.0,0.0,0.254,0.129,1.0,0.5920000000000001,0.0,283
119,0.6557377049180327,1.0,1.0,0.0,0.262,0.158,1.0,0.604,0.0,283
120,0.6612021857923497,1.0,1.0,0.0,0.271,0.177,1.0,0.612,0.0,283
121,0.6666666666666666,1.0,1.0,0.0,0.28,0.19399999999999998,1.0,0.622,0.0,283
122,0.6721311475409836,1.0,1.0,0.0,0.29,0.22,1.0,0.632,0.0,283
123,0.6775956284153005,1.0,1.0,0.0,0.298,0.249,1.0,0.647,0.0,283
124,0.6830601092896175,1.0,1.0,0.0,0.309,0.273,1.0,0.6609999999999999,0.0,283
125,0.6885245901639344,1.0,1.0,0.0,0.32,0.295,1.0,0.669,0.0,283
126,0.6939890710382514,1.0,1.0,0.0,0.33299999999999996,0.317,1.0,0.679,0.0,283
127,0.6994535519125683,1.0,1.0,0.0,0.345,0.335,1.0,0.688,0.0,283
128,0.7049180327868853,1.0,1.0,0.0,0.35200000000000004,0.35700000000000004,1.0,0.6970000000000001,0.0,283
129,0.7103825136612022,1.0,1.0,0.0,0.361,0.375,1.0,0.7090000000000001,0.0,283
130,0.7158469945355191,1.0,1.0,0.0,0.37,0.39399999999999996,1.0,0.72,0.0,283
131,0.7213114754098361,1.0,1.0,0.0,0.37799999999999995,0.41100000000000003,1.0,0.73,0.0,283
132,0.726775956284153,1.0,1.0,0.0,0.38799999999999996,0.43700000000000006,1.0,0.74,0.0,283
133,0.73224043715847,1.0,1.0,0.0,0.4,0.45299999999999996,1.0,0.7490000000000001,0.0,283
134,0.7377049180327869,1.0,1.0,0.0,0.41,0.475,1.0,0.759,0.0,283
135,0.7431693989071039,1.0,1.0,0.0,0.418,0.496,1.0,0.769,0.0,283
136,0.7486338797814208,1.0,1.0,0.0,0.428,0.522,1.0,0.777,0.0,283
137,0.7540983606557377,1.0,1.0,0.0,0.442,0.539,1.0,0.7859999999999999,0.0,283
138,0.7595628415300546,1.0,1.0,0.0,0.45399999999999996,0.56,1.0,0.795,0.0,283
139,0.7650273224043715,1.0,1.0,0.0,0.462,0.579,1.0,0.805,0.0,283
140,0.7704918032786885,1.0,1.0,0.0,0.473,0.601,1.0,0.8170000000000001,0.0,283
141,0.7759562841530054,1.0,1.0,0.0,0.484,0.621,1.0,0.8270000000000001,0.0,283
142,0.7814207650273224,1.0,1.0,0.0,0.49200000000000005,0.6459999999999999,1.0,0.836,0.0,283
143,0.7868852459016393,1.0,1.0,0.0,0.502,0.665,1.0,0.85,0.0,283
144,0.7923497267759563,1.0,1.0,0.0,0.51,0.6890000000000001,1.0,0.8640000000000001,0.0,283
145,0.7978142076502732,1.0,1.0,0.0,0.52,0.711,1.0,0.873,0.0,283
146,0.8032786885245902,1.0,1.0,0.0,0.531,0.73,1.0,0.8809999999999999,0.0,283
147,0.8087431693989071,1.0,1.0,0.0,0.54,0.746,1.0,0.892,0.0,283
148,0.8142076502732241,1.0,1.0,0.0,0.5489999999999999,0.767,1.0,0.907,0.0,283
149,0.819672131147541,1.0,1.0,0.0,0.5579999999999999,0.787,1.0,0.922,0.0,283
150,0.825136612021858,1.0,1.0,0.0,0.5720000000000001,0.813,1.0,0.93,0.0,283
151,0.8306010928961749,1.0,1.0,0.0,0.58,0.841,1.0,0.941,0.0,283
152,0.8360655737704918,1.0,1.0,0.0,0.594,0.87,1.0,0.953,0.0,283
153,0.8415300546448088,1.0,1.0,0.0,0.604,0.887,1.0,0.968,0.0,283
154,0.8469945355191257,1.0,1.0,0.0,0.614,0.9159999999999999,1.0,0.978,0.0,283
155,0.8524590163934426,1.0,1.0,0.0,0.623,0.945,1.0,0.987,0.0,283
156,0.8579234972677595,1.0,1.0,0.0,0.632,0.961,1.0,0.998,0.0,283
157,0.8633879781420765,1.0,1.0,0.0,0.64,0.987,1.0,1.0,0.0,283
158,0.8688524590163934,1.0,1.0,0.0,0.653,1.0,1.0,1.0,0.0,283
159,0.8743169398907104,1.0,1.0,0.0,0.66,1.0,1.0,1.0,0.0,283
160,0.8797814207650273,1.0,1.0,0.0,0.67,1.0,1.0,1.0,0.0,283
161,0.8852459016393442,1.0,1.0,0.0,0.68,1.0,1.0,1.0,0.0,283
162,0.8907103825136612,1.0,1.0,0.0,0.688,1.0,1.0,1.0,0.0,283
163,0.8961748633879781,1.0,1.0,0.0,0.6970000000000001,1.0,1.0,1.0,0.0,283
164,0.9016393442622951,1.0,1.0,0.0,0.708,1.0,1.0,1.0,0.0,283
165,0.907103825136612,1.0,1.0,0.0,0.7170000000000001,1.0,1.0,1.0,0.0,283
166,0.912568306010929,1.0,1.0,0.0,0.726,1.0,1.0,1.0,0.0,283
167,0.9180327868852459,1.0,1.0,0.0,0.733,1.0,1.0,1.0,0.0,283
168,0.9234972677595629,1.0,1.0,0.0,0.741,1.0,1.0,1.0,0.0,283
169,0.9289617486338798,1.0,1.0,0.0,0.7509999999999999,1.0,1.0,1.0,0.0,283
170,0.9344262295081968,1.0,1.0,0.0,0.759,1.0,1.0,1.0,0.0,283
171,0.9398907103825137,1.0,1.0,0.0,0.768,1.0,1.0,1.0,0.0,283
172,0.9453551912568307,1.0,1.0,0.0,0.78,1.0,1.0,1.0,0.0,283
173,0.9508196721311475,1.0,1.0,0.0,0.7909999999999999,1.0,1.0,1.0,0.0,283
174,0.9562841530054644,1.0,1.0,0.0,0.799,1.0,1.0,1.0,0.0,283
175,0.9617486338797814,1.0,1.0,0.0,0.807,1.0,1.0,1.0,0.0,283
176,0.9672131147540983,1.0,1.0,0.0,0.816,1.0,1.0,1.0,0.0,283
177,0.9726775956284153,1.0,1.0,0.0,0.825,1.0,1.0,1.0,0.0,283
178,0.9781420765027322,1.0,1.0,0.0,0.8340000000000001,1.0,1.0,1.0,0.0,283
179,0.9836065573770492,1.0,1.0,0.0,0.846,1.0,1.0,1.0,0.0,283
180,0.9890710382513661,1.0,1.0,0.0,0.855,1.0,1.0,1.0,0.0,283
181,0.994535519125683,1.0,1.0,0.0,0.863,1.0,1.0,1.0,0.0,283
182,1.0,1.0,1.0,0.0,0.875,1.0,1.0,1.0,0.0,283
183,1.005464480874317,1.0,1.0,0.0,0.887,1.0,1.0,1.0,0.0,283
184,1.010928961748634,1.0,1.0,0.0,0.899,1.0,1.0,1.0,0.0,283
185,1.0163934426229508,1.0,1.0,0.0,0.907,1.0,1.0,1.0,0.0,283
186,1.0218579234972678,1.0,1.0,0.0,0.919,1.0,1.0,1.0,0.0,283
187,1.0273224043715847,1.0,1.0,0.0,0.9259999999999999,1.0,1.0,1.0,0.0,283
188,1.0327868852459017,1.0,1.0,0.0,0.9359999999999999,1.0,1.0,1.0,0.0,283
189,1.0382513661202186,1.0,1.0,0.0,0.945,1.0,1.0,1.0,0.0,283
190,1.0437158469945356,1.0,1.0,0.0,0.9540000000000001,1.0,1.0,1.0,0.0,283
191,1.0491803278688525,1.0,1.0,0.0,0.963,1.0,1.0,1.0,0.0,283
192,1.0546448087431695,1.0,1.0,0.0,0.972,1.0,1.0,1.0,0.0,283
193,1.0601092896174864,1.0,1.0,0.0,0.982,1.0,1.0,1.0,0.0,283
194,1.0655737704918034,1.0,1.0,0.0,0.991,1.0,1.0,1.0,0.0,283
195,1.0710382513661203,1.0,1.0,0.0,1.0,1.0,1.0,1.0,0.0,283
196,1.0765027322404372,1.0,1.0,0.025,1.0,1.0,1.0,1.0,0.0,283
197,1.0819672131147542,1.0,1.0,0.045,1.0,1.0,1.0,1.0,0.0,283
198,1.0874316939890711,1.0,1.0,0.062,1.0,1.0,1.0,1.0,0.0,283
199,1.092896174863388,1.0,1.0,0.08900000000000001,1.0,1.0,1.0,1.0,0.0,283
200,1.098360655737705,1.0,1.0,0.10400000000000001,1.0,1.0,1.0,1.0,0.0,283
201,1.1038251366120218,1.0,1.0,0.127,1.0,1.0,1.0,1.0,0.0,283
202,1.1092896174863387,1.0,1.0,0.14400000000000002,1.0,1.0,1.0,1.0,0.0,283
203,1.1147540983606556,1.0,1.0,0.161,1.0,1.0,1.0,1.0,0.0,283
204,1.1202185792349726,1.0,1.0,0.18100000000000002,1.0,1.0,1.0,1.0,0.0,283
205,1.1256830601092895,1.0,1.0,0.204,1.0,1.0,1.0,1.0,0.0,283
206,1.1311475409836065,1.0,1.0,0.22399999999999998,1.0,1.0,1.0,1.0,0.0,283
207,1.1366120218579234,1.0,1.0,0.239,1.0,1.0,1.0,1.0,0.0,283
208,1.1420765027322404,1.0,1.0,0.258,1.0,1.0,1.0,1.0,0.0,283
209,1.1475409836065573,1.0,1.0,0.28300000000000003,1.0,1.0,1.0,1.0,0.0,283
210,1.1530054644808743,1.0,1.0,0.305,1.0,1.0,1.0,1.0,0.0,283
211,1.1584699453551912,1.0,1.0,0.326,1.0,1.0,1.0,1.0,0.016,283
212,1.1639344262295082,1.0,1.0,0.344,1.0,1.0,1.0,1.0,0.027000000000000003,283
213,1.169398907103825,1.0,1.0,0.36,1.0,1.0,1.0,1.0,0.04,283
214,1.174863387978142,1.0,1.0,0.38,1.0,1.0,1.0,1.0,0.052000000000000005,283
215,1.180327868852459,1.0,1.0,0.405,1.0,1.0,1.0,1.0,0.067,283
216,1.185792349726776,1.0,1.0,0.429,1.0,1.0,1.0,1.0,0.08199999999999999,283
217,1.1912568306010929,1.0,1.0,0.445,1.0,1.0,1.0,1.0,0.095,283
218,1.1967213114754098,1.0,1.0,0.465,1.0,1.0,1.0,1.0,0.105,283
219,1.2021857923497268,1.0,1.0,0.48,1.0,1.0,1.0,1.0,0.122,283
220,1.2076502732240437,1.0,1.0,0.498,1.0,1.0,1.0,1.0,0.134,283
221,1.2131147540983607,1.0,1.0,0.515,1.0,1.0,1.0,1.0,0.147,283
222,1.2185792349726776,1.0,1.0,0.531,1.0,1.0,1.0,1.0,0.16,283
223,1.2240437158469946,1.0,1.0,0.5539999999999999,1.0,1.0,1.0,1.0,0.175,283
224,1.2295081967213115,1.0,1.0,0.578,1.0,1.0,1.0,1.0,0.192,283
225,1.2349726775956285,1.0,1.0,0.6,1.0,1.0,1.0,1.0,0.209,283
226,1.2404371584699454,1.0,1.0,0.622,1.0,1.0,1.0,1.0,0.223,283
227,1.2459016393442623,1.0,1.0,0.643,1.0,1.0,1.0,1.0,0.237,283
228,1.2513661202185793,1.0,1.0,0.66,1.0,1.0,1.0,1.0,0.252,283
229,1.2568306010928962,1.0,1.0,0.6759999999999999,1.0,1.0,1.0,1.0,0.264,283
230,1.2622950819672132,1.0,1.0,0.7,1.0,1.0,1.0,1.0,0.28,283
231,1.2677595628415301,1.0,1.0,0.7190000000000001,1.0,1.0,1.0,1.0,0.294,283
232,1.273224043715847,1.0,1.0,0.741,1.0,1.0,1.0,1.0,0.309,283
233,1.278688524590164,1.0,1.0,0.763,1.0,1.0,1.0,1.0,0.324,283
234,1.284153005464481,1.0,1.0,0.777,1.0,1.0,1.0,1.0,0.33799999999999997,283
235,1.289617486338798,1.0,1.0,0.795,1.0,1.0,1.0,1.0,0.353,283
236,1.2950819672131149,1.0,1.0,0.813,1.0,1.0,1.0,1.0,0.371,283
237,1.3005464480874316,1.0,1.0,0.8340000000000001,1.0,1.0,1.0,1.0,0.385,283
238,1.3060109289617485,1.0,1.0,0.858,1.0,1.0,1.0,1.0,0.39899999999999997,283
239,1.3114754098360655,1.0,1.0,0.878,1.0,1.0,1.0,1.0,0.41,283
240,1.3169398907103824,1.0,1.0,0.895,1.0,1.0,1.0,1.0,0.424,283
241,1.3224043715846994,1.0,1.0,0.909,1.0,1.0,1.0,1.0,0.439,283
242,1.3278688524590163,1.0,1.0,0.924,1.0,1.0,1.0,1.0,0.45399999999999996,283
243,1.3333333333333333,1.0,1.0,0.9470000000000001,1.0,1.0,1.0,1.0,0.466,283
244,1.3387978142076502,1.0,1.0,0.97,1.0,1.0,1.0,1.0,0.478,283
245,1.3442622950819672,1.0,1.0,0.9890000000000001,1.0,1.0,1.0,1.0,0.49,283
246,1.349726775956284,1.0,1.0,1.0,1.0,1.0,1.0,1.0,0.511,283
247,1.355191256830601,1.0,1.0,1.0,1.0,1.0,1.0,1.0,0.524,283
248,1.360655737704918,1.0,1.0,1.0,1.0,1.0,1.0,1.0,0.536,283
249,1.366120218579235,1.0,1.0,1.0,1.0,1.0,1.0,1.0,0.5479999999999999,283
250,1.3715846994535519,1.0,1.0,1.0,1.0,1.0,1.0,1.0,0.56,283
251,1.3770491803278688,1.0,1.0,1.0,1.0,1.0,1.0,1.0,0.573,283
252,1.3825136612021858,1.0,1.0,1.0,1.0,1.0,1.0,1.0,0.588,283
253,1.3879781420765027,1.0,1.0,1.0,1.0,1.0,1.0,1.0,0.599,283
254,1.3934426229508197,1.0,1.0,1.0,1.0,1.0,1.0,1.0,0.616,283
255,1.3989071038251366,1.0,1.0,1.0,1.0,1.0,1.0,1.0,0.629,283
256,1.4043715846994536,1.0,1.0,1.0,1.0,1.0,1.0,1.0,0.648,283
257,1.4098360655737705,1.0,1.0,1.0,1.0,1.0,1.0,1.0,0.66,283
258,1.4153005464480874,1.0,1.0,1.0,1.0,1.0,1.0,1.0,0.677,283
259,1.4207650273224044,1.0,1.0,1.0,1.0,1.0,1.0,1.0,0.6940000000000001,283
260,1.4262295081967213,1.0,1.0,1.0,1.0,1.0,1.0,1.0,0.7090000000000001,283
261,1.4316939890710383,1.0,1.0,1.0,1.0,1.0,1.0,1.0,0.7240000000000001,283
262,1.4371584699453552,1.0,1.0,1.0,1.0,1.0,1.0,1.0,0.735,283
263,1.4426229508196722,1.0,1.0,1.0,1.0,1.0,1.0,1.0,0.746,283
264,1.4480874316939891,1.0,1.0,1.0,1.0,1.0,1.0,1.0,0.758,283
265,1.453551912568306,1.0,1.0,1.0,1.0,1.0,1.0,1.0,0.7709999999999999,283
266,1.459016393442623,1.0,1.0,1.0,1.0,1.0,1.0,1.0,0.785,283
267,1.46448087431694,1.0,1.0,1.0,1.0,1.0,1.0,1.0,0.7979999999999999,283
268,1.469945355191257,1.0,1.0,1.0,1.0,1.0,1.0,1.0,0.8109999999999999,283
269,1.4754098360655739,1.0,1.0,1.0,1.0,1.0,1.0,1.0,0.825,283
270,1.4808743169398908,1.0,1.0,1.0,1.0,1.0,1.0,1.0,0.838,283
271,1.4863387978142077,1.0,1.0,1.0,1.0,1.0,1.0,1.0,0.85,283
272,1.4918032786885247,1.0,1.0,1.0,1.0,1.0,1.0,1.0,0.865,283
273,1.4972677595628416,1.0,1.0,1.0,1.0,1.0,1.0,1.0,0.879,283
274,1.5027322404371584,1.0,1.0,1.0,1.0,1.0,1.0,1.0,0.893,283
275,1.5081967213114753,1.0,1.0,1.0,1.0,1.0,1.0,1.0,0.91,283
276,1.5136612021857923,1.0,1.0,1.0,1.0,1.0,1.0,1.0,0.925,283
277,1.5191256830601092,1.0,1.0,1.0,1.0,1.0,1.0,1.0,0.937,283
278,1.5245901639344261,1.0,1.0,1.0,1.0,1.0,1.0,1.0,0.9520000000000001,283
279,1.530054644808743,1.0,1.0,1.0,1.0,1.0,1.0,1.0,0.9670000000000001,283
280,1.53551912568306,1.0,1.0,1.0,1.0,1.0,1.0,1.0,0.981,283
281,1.540983606557377,1.0,1.0,1.0,1.0,1.0,1.0,1.0,0.993,283
282,1.546448087431694,1.0,1.0,1.0,1.0,1.0,1.0,1.0,1.0,283
